0.0200
-0.0238
0.0106
0.0072
0.0145
-0.0208
-0.0061
0.0164
-0.0053
0.0285
-0.0013
0.0061
-0.0237
0.0027
-0.0278
-0.0431
0.0344
0.0068
-0.0253
-0.0287
0.0115
0.0213
-0.0012
0.0031
-0.0301
0.0339
0.0025
0.0174
-0.0017
0.0264
0.0014
-0.0261
-0.0155
-0.0152
0.0283
-0.0103
0.0157
0.0145
0.0204
-0.0085
-0.0051
-0.0057
0.0091
-0.0173
0.0092
0.0053
-0.0151
0.0080
-0.0280
0.0241
0.0017
0.0170
0.0040
0.0035
0.0183
0.0039
-0.0494
0.0217
-0.0318
0.0439
0.0005
0.0124
0.0168
0.0128
0.0024
0.0210
0.0169
0.0338
0.0058
0.0250
-0.0151
0.0212
-0.0177
-0.0073
0.0224
0.0145
0.0061
-0.0572
-0.0179
-0.0035
-0.0226
0.0363
0.0057
-0.0048
0.0265
0.0242
0.0077
0.0295
0.0089
-0.0151
0.0146
0.0268
-0.0510
-0.0550
-0.0294
0.0141
0.0091
-0.0082
0.0259
0.0093
-0.0351
-0.0315
-0.0587
0.0294
0.0296
-0.0018
0.0004
0.0052
0.0098
-0.0408
-0.0184
-0.0599
0.0233
0.0440
-0.0163
0.0564
-0.0049
0.0230
0.0285
0.0313
-0.0184
0.0080
-0.0181
0.0034
-0.0256
-0.0157
-0.0246
-0.0305
-0.0060
-0.0067
0.0082
-0.0147
0.0109
0.0367
0.0167
-0.0441
0.0056
0.0068
-0.0579
-0.0935
-0.2131
0.0621
-0.0443
0.1041
0.0074
-0.0798
-0.1309
0.1638
-0.1600
0.0420
-0.0177
-0.0371
0.1238
0.0336
-0.0407
0.0017
0.0157
0.0281
-0.0347
-0.0773
0.0108
-0.0737
0.0797
0.0031
0.0573
0.0251
0.0361
0.0495
-0.0004
0.0126
0.0863
-0.0601
0.0336
0.0522
0.0158
0.0034
-0.0414
-0.0156
-0.0123
-0.0493
0.0952
0.0574
0.0114
0.0026
-0.0126
0.0053
0.0065
0.0061
0.0108
0.0133
-0.0340
-0.0091
0.0714
0.0000
-0.0300
-0.0472
0.0304
0.0306
-0.0022
-0.0070
0.0207
0.0090
0.0188
0.0368
0.0009
0.0340
-0.0172
-0.0365
-0.0148
0.0254
0.0404
0.0374
-0.0266
0.0621
0.0035
0.0137
-0.0004
0.0264
0.0135
-0.0206
0.0352
-0.0085
-0.0293
0.0640
-0.0781
0.0438
0.0173
0.0181
0.0096
-0.0259
-0.0858
0.0632
-0.0438
0.0392
-0.0075
-0.0104
0.0082
0.0095
0.0009
0.0273
0.0182
-0.0188
-0.0220
-0.0040
0.0073
0.0061
-0.0082
0.0177
0.0260
0.0018
0.0075
0.0316
0.0256
0.0094
0.0045
0.0220
-0.0051
0.0234
-0.0138
-0.0315
0.0052