0.0058
0.0092
0.0153
0.0139
-0.0107
0.0067
0.0156
0.0139
0.0008
-0.0002
-0.0082
0.0238
-0.0100
0.0066
-0.0270
-0.0414
0.0104
-0.0105
-0.0448
-0.0076
0.0277
0.0193
0.0009
-0.0355
0.0000
0.0405
0.0012
-0.0079
0.0322
-0.0034
0.0132
-0.0113
0.0190
-0.0030
0.0222
0.0101
0.0141
0.0041
0.0085
-0.0005
0.0138
0.0105
-0.0028
-0.0168
0.0253
0.0248
-0.0064
0.0131
0.0032
0.0132
0.0089
-0.0046
0.0228
0.0020
0.0126
0.0059
-0.0554
0.0210
-0.0139
0.0449
0.0018
0.0242
0.0098
0.0105
0.0053
0.0025
-0.0062
0.0145
0.0089
0.0256
-0.0373
0.0399
-0.0129
0.0077
0.0135
0.0041
-0.0222
-0.0467
0.0002
-0.0139
-0.0063
0.0255
0.0160
-0.0208
0.0037
0.0321
0.0079
0.0223
0.0054
-0.0171
0.0094
-0.0050
-0.0093
-0.0232
-0.0133
0.0355
0.0099
-0.0068
0.0050
0.0058
-0.0314
-0.0206
-0.0441
-0.0510
0.0308
-0.0318
0.0204
-0.0034
-0.0050
-0.0317
-0.0130
-0.0086
0.0300
0.0319
-0.0250
0.0296
0.0069
0.0151
-0.0058
0.0205
-0.0300
0.0138
-0.0305
-0.0106
-0.0214
-0.0288
-0.0220
-0.0204
0.0292
0.0057
-0.0036
0.0230
-0.0140
-0.0097
0.0125
-0.0380
0.0074
-0.0023
-0.0263
-0.0529
-0.1816
0.0714
-0.1296
0.1822
-0.0241
-0.0377
-0.1131
0.0798
-0.0368
0.0461
-0.0027
-0.0042
0.0626
-0.0292
-0.0793
-0.0322
0.0332
0.0539
-0.0401
-0.0809
-0.0386
-0.0447
0.0713
0.0047
0.0507
0.0428
0.0181
0.0459
-0.0134
0.0112
0.0269
-0.0434
0.0342
0.0012
0.0313
0.0033
-0.0466
-0.0010
-0.0114
-0.0272
0.0801
0.0430
0.0137
0.0217
-0.0273
0.0099
0.0095
-0.0181
0.0379
0.0164
-0.0224
-0.0137
0.0413
0.0099
-0.0044
-0.0569
0.0202
0.0265
-0.0043
0.0013
0.0209
-0.0054
0.0102
0.0149
0.0028
0.0192
-0.0189
-0.0351
-0.0112
-0.0296
0.0138
0.0355
-0.0186
0.0476
0.0123
0.0062
0.0185
0.0154
0.0060
-0.0051
0.0125
-0.0265
-0.0717
0.0518
-0.0381
0.0159
0.0038
0.0180
0.0247
-0.0189
-0.0358
0.0377
-0.0028
0.0224
-0.0071
0.0191
-0.0222
-0.0129
-0.0078
0.0296
0.0136
0.0030
0.0118
-0.0064
0.0121
0.0282
0.0157
0.0057
0.0182
-0.0055
0.0184
0.0018
0.0210
0.0084
-0.0006
0.0116
-0.0168
0.0079
0.0143
-0.0053
0.0013