-0.0493
-0.0903
0.0746
0.0237
-0.0019
-0.0235
0.0272
-0.0313
-0.0215
-0.0232
-0.0833
-0.0487
-0.0300
-0.0257
0.1157
-0.0031
-0.0702
0.0146
0.0428
0.0459
0.0708
-0.0187
0.0039
-0.0093
0.0348
0.0102
0.0380
-0.0438
-0.0153
-0.0002
-0.0630
-0.0318
-0.0572
-0.0104
-0.0200
-0.0182
0.1088
-0.0387
0.0636
0.0121
-0.0711
0.0478
-0.0157
0.0022
-0.1989
0.1207
-0.1379
-0.2655
-0.1525
-0.1992
-0.1272
0.1528
-0.0718
-0.2439
0.1407
-0.0061
0.1627
-0.0553
0.0038
0.0252
0.0805
-0.1515
-0.1801
0.1615
-0.0006
-0.0824
-0.2143
-0.1043
-0.3668
0.1954
0.2764
0.2155
0.0715
0.1915
0.0659
-0.0682
0.1522
0.1064
-0.1134
0.1401
-0.0490
0.0003
0.0492
-0.0885
0.0018
-0.0496
-0.0313
0.1576
0.0738
0.0813
0.0276
0.0855
-0.0874
0.1424
-0.0337
0.1314
0.0066
-0.0227
0.0380
0.0767
0.0048
-0.0916
-0.1957
0.0520
0.0336
-0.0455
-0.0635
-0.0766
-0.0466
0.1581
-0.0087
-0.0028
0.1015
-0.0039
-0.0886
-0.0374
0.0030
-0.0465
0.0847
-0.0775
0.1237
0.0305
-0.0018
0.0125
0.0390
-0.0308
0.0409
-0.0657
-0.0697
-0.1234
0.1887
-0.1003
0.0247
0.0021
-0.0265
0.0848
-0.0440
-0.0908
0.1394
-0.0039
0.0252
0.0976
0.0120
-0.0665
-0.0103
-0.0335
0.0754
0.0304
0.0048
-0.0205
0.0097
0.0315
0.0201
0.0002
-0.0175
-0.0018
0.0102
0.0095
-0.0722
0.0050
0.0308
-0.0280
-0.0241
-0.0053
0.0434
0.0277
0.0041
0.0782
0.0244
0.0464
0.0192
-0.0365
-0.0087
0.0232
-0.0437
0.0862
-0.0452
0.0206
-0.0330
-0.0095
0.0126
0.0098
-0.0163
-0.0417
-0.0209
-0.0148
0.0004
-0.0180
0.0076
0.0565
0.0035
-0.0856
0.0397
-0.0489
-0.1620
-0.1006
-0.0300
0.0048
0.0735
-0.1309
-0.0350
-0.1181
0.2775
-0.0147
0.0449
0.0460
0.1514
-0.1312
-0.0831
-0.0602
-0.0854
0.1571
0.0133
-0.0815
0.0611
-0.0212
0.0088
0.1267
0.1583
-0.0120
0.0488
-0.0770
-0.0230
-0.0057
0.0151
0.0145
0.0411
-0.0732
-0.0489
-0.0782
-0.0286
-0.0450
-0.0046
-0.0322
0.0152
-0.1305
0.0495
-0.0289
0.0610
-0.0525
0.0818
-0.0516
0.0878
0.0069
0.0184
-0.0601
-0.0022
0.1544
0.0015
-0.0012
0.0160
0.0796
0.0420
-0.0069
-0.0392
0.0079
0.0300
0.0818
-0.0516
0.0327
-0.0225
-0.0151
0.0208
0.0099
0.0374
0.0056
-0.0062
-0.0107
0.0276
0.0614
-0.0194
-0.0349
0.0155
-0.0864
-0.0182
-0.0755
-0.0031
0.0253
0.0334
-0.0671
-0.0904
0.0334
0.0606
-0.0504
0.0904
-0.0024
0.0959
-0.0042
0.0187
0.0488
-0.0736
0.0164
0.0045
0.0111
0.0396
0.0132
0.0172
0.0196
0.0457
0.0606
0.0331
-0.0193
-0.0145
-0.0126
0.0466
0.0016
-0.0319
0.0250
0.0272
0.0532
0.0006
-0.0021
0.0260
-0.0013
-0.0111
0.0062
-0.0467
-0.0190
0.0694
0.0436
0.0095
0.0432
0.0276
-0.0453
-0.0296
0.0050
0.0437
0.0024
-0.0019
-0.0090
-0.0432
0.0402
-0.0338
0.0714
-0.0634
0.0000
0.0080
0.0109
0.0166
-0.0650
0.0244
0.0275
0.0410
-0.0056
0.0137
-0.0428
0.0437
-0.0638
-0.0134
0.0308
-0.0465
-0.0029
0.0277
0.0319
0.0136
0.0479
0.0023
0.0301
-0.0004
-0.0257
0.0077
-0.0920
0.1236
-0.0216
0.0397
-0.0308
0.0112
0.0443
-0.0369
-0.0123
-0.0237
0.0009
-0.0110
-0.0051
-0.0056
0.0826
-0.0349
-0.0004
0.0719
0.0500
0.0536
0.0072
0.0082
0.0041
-0.0044
0.0293
0.0090
-0.0114
-0.0025
0.0000
0.0145
0.0469
0.0303
0.0117
-0.0162
-0.0060
-0.0294
0.0643
-0.0242
-0.0214
0.0883
-0.0104
-0.0181
-0.0252
-0.0443
-0.0353
0.0044
-0.0098
-0.0092
-0.0104
-0.0706
0.0267
0.0118
-0.0074
0.0204
0.0203
-0.0049
0.0174
-0.0123
-0.0203
-0.0338
-0.0298
0.0233
0.0048
-0.0080
-0.0542
-0.0352
-0.0735
-0.0242
0.0253
-0.1166
0.1218
-0.0019
0.0941
-0.0198
0.0022
-0.0281
-0.0230
-0.0602
0.1056
0.0353
0.0073
-0.0891
0.0232
-0.0068
0.1016
-0.0252
-0.0276
-0.0976
0.1330
-0.1636
-0.0598
0.1349
0.0282
-0.0288
0.0562
0.0510
-0.0038
0.0274
0.0378
0.0106
-0.0430
0.0229
-0.0265
0.0392
-0.0182
0.0700
0.0190
-0.0203
0.0972
-0.0073
-0.0066
0.0125
0.0590
-0.0011
-0.0040
-0.0242
0.0394
-0.0253
-0.0167
0.0316
-0.0058
-0.0011
0.0051
-0.0340
0.0220
0.0619
0.0063
-0.0333
0.0065
0.0032
-0.0188
0.0246
0.0562
0.0375
0.0134
-0.0248
0.0158
-0.0152
0.0235
-0.0124
-0.0086
0.0147
0.0287
0.0090
-0.0146
0.0245
-0.0145
-0.0080
-0.0016
-0.0173
-0.0077
-0.0205
0.0493
0.0033
0.0088
0.0106
0.0000
0.0038
0.0162
-0.0097
-0.0142