-0.0044
0.0140
0.0160
0.0208
-0.0107
0.0130
0.0163
-0.0021
-0.0065
0.0064
-0.0068
0.0238
-0.0169
0.0152
-0.0140
-0.0434
-0.0004
0.0022
-0.0262
-0.0144
0.0139
0.0255
0.0018
-0.0231
0.0040
0.0324
0.0054
-0.0082
0.0220
0.0078
0.0143
-0.0063
-0.0001
-0.0023
0.0169
0.0114
0.0168
0.0024
-0.0004
0.0147
0.0174
0.0014
0.0016
-0.0135
0.0166
0.0177
-0.0114
0.0155
0.0020
0.0123
0.0038
0.0022
0.0117
0.0056
0.0057
-0.0064
-0.0452
0.0096
-0.0203
0.0450
0.0025
0.0177
0.0119
0.0112
0.0032
0.0067
-0.0072
0.0169
-0.0219
0.0033
-0.0325
0.0317
-0.0177
-0.0030
0.0095
0.0022
-0.0166
-0.0458
-0.0063
-0.0147
-0.0131
0.0375
0.0063
-0.0354
0.0089
0.0214
0.0016
0.0226
0.0109
-0.0262
0.0009
-0.0058
-0.0487
0.0117
-0.0176
0.0242
0.0088
-0.0134
-0.0182
0.0114
-0.0295
-0.0139
-0.0392
-0.0374
0.0173
-0.0403
0.0140
0.0021
0.0034
-0.0379
-0.0171
-0.0449
0.0487
0.0501
-0.0073
0.0218
0.0005
0.0169
-0.0164
0.0215
-0.0342
0.0095
-0.0365
-0.0274
-0.0320
-0.0206
-0.0241
-0.0309
0.0109
0.0186
-0.0166
0.0308
-0.0060
-0.0188
0.0265
-0.0436
0.0253
-0.0230
-0.0266
-0.0483
-0.2122
0.0744
-0.0686
0.0753
0.0281
-0.0433
-0.1001
0.0724
-0.0894
0.0630
0.0170
-0.0208
0.0455
0.0121
-0.0588
-0.0614
0.0335
0.0309
-0.0285
-0.1000
-0.0189
-0.1423
0.0628
0.0692
0.0826
0.0354
0.0249
0.0531
0.0155
0.0263
0.0615
-0.0353
0.0227
-0.0030
0.0130
0.0093
-0.0425
-0.0200
0.0052
-0.0551
0.0754
0.0408
0.0181
0.0314
0.0085
0.0158
0.0278
-0.0153
0.0376
0.0230
-0.0166
-0.0154
0.0464
0.0220
-0.0282
-0.0549
0.0218
0.0273
-0.0275
-0.0117
0.0293
-0.0175
0.0023
0.0264
0.0086
0.0271
-0.0105
-0.0329
-0.0216
-0.0481
0.0114
0.0323
-0.0287
0.0532
0.0139
0.0042
0.0155
0.0073
-0.0009
-0.0036
-0.0080
-0.0438
-0.1130
0.0433
-0.0149
0.0003
-0.0289
0.0406
0.0467
-0.0378
-0.0397
0.0641
-0.0139
0.0210
0.0177
0.0063
-0.0255
-0.0257
0.0017
0.0399
0.0115
-0.0120
0.0072
-0.0043
0.0176
0.0151
0.0193
-0.0023
-0.0070
-0.0156
-0.0004
-0.0371
0.0141
0.0199
-0.0127
0.0321
-0.0223
0.0152
0.0330
0.0210
-0.0025