0.0018
-0.0073
-0.0421
0.0459
-0.0311
0.0113
0.0112
0.0148
0.0145
0.0287
-0.0226
-0.0036
-0.0179
0.0164
-0.0233
-0.0294
-0.0208
-0.0116
-0.0625
0.0146
0.0041
0.0204
-0.0080
-0.0384
-0.0063
0.0317
0.0041
0.0000
0.0388
-0.0216
0.0040
0.0080
-0.0218
-0.0183
0.0248
0.0141
-0.0040
0.0140
0.0039
-0.0196
-0.0300
-0.0041
-0.0248
0.0276
0.0062
0.0246
-0.0060
0.0000
0.0161
-0.0040
0.0100
0.0099
0.0059
-0.0058
0.0254
0.0057
-0.0189
0.0000
-0.0328
0.0279
-0.0155
-0.0118
-0.0200
0.0000
-0.0122
0.0000
0.0165
-0.0243
0.0104
0.0309
-0.0020
-0.0040
-0.0060
-0.0040
-0.0041
0.0000
0.0000
-0.0122
-0.0186
-0.0084
-0.0508
0.0424
0.0150
-0.0190
-0.0301
-0.0155
0.0383
0.0152
-0.0064
-0.0215
-0.0132
0.0067
-0.0442
-0.0093
-0.0117
0.0449
0.0158
-0.0379
-0.0185
-0.0118
-0.0048
-0.0336
0.0025
-0.0074
-0.0050
-0.0226
0.0231
-0.0125
0.0025
-0.0557
-0.0322
0.0499
-0.0106
0.0160
-0.0079
-0.0079
0.0320
0.0310
-0.0050
0.0227
-0.0197
0.0151
0.0025
-0.0395
-0.0231
-0.0211
-0.0161
-0.0164
-0.0306
0.0372
-0.0055
0.0028
0.0111
-0.0274
0.0507
-0.0161
0.0027
-0.0353
-0.0085
-0.0313
-0.1320
0.0541
0.0385
0.0278
0.0060
-0.0119
-0.0151
0.0245
-0.0210
-0.0122
0.0031
-0.0062
0.0217
0.0304
-0.0265
-0.0030
0.0213
-0.0268
-0.0398
-0.0318
-0.0230
-0.0404
-0.0175
0.0179
0.0772
-0.0163
0.0265
0.0258
-0.0157
-0.0032
0.0417
0.0154
-0.0273
0.0062
0.0031
0.0340
-0.0090
0.0120
-0.0089
-0.0030
-0.0241
0.0309
0.0299
-0.0174
0.0473
-0.0311
0.0292
-0.0170
0.0144
-0.0256
0.0029
-0.0378
0.0121
-0.0179
-0.0213
0.0248
-0.0212
-0.0062
-0.0218
-0.0127
0.0581
0.0213
0.0179
0.0029
-0.0146
0.0356
0.0487
0.0000
-0.0301
0.0225
-0.0028
-0.0193
0.0310
0.0027
0.0136
0.0349
0.0026
-0.0026
0.0130
0.0077
-0.0204
0.0182
0.0255
0.0149
-0.0490
0.0052
0.0282
-0.0249
0.0051
0.0051
-0.0456
0.0239
-0.0259
0.0027
0.0000
0.0106
-0.0079
0.0106
-0.0026
0.0000
0.0236
-0.0205
-0.0288
-0.0162
0.0137
-0.0135
0.0027
-0.0027
0.0082
0.0272
0.0159
0.0234
0.0204
0.0050
0.0199
0.0170
-0.0048
0.0409
-0.0208
-0.0354
0.0122