-0.0773
-0.0825
0.1156
-0.1386
-0.0377
-0.0732
0.0647
0.0154
-0.0070
0.0000
-0.0836
0.0373
-0.0946
0.1378
0.0175
-0.0519
-0.0236
0.0173
-0.0127
0.1742
-0.0403
-0.0563
0.0336
-0.0420
0.0374
0.0441
0.0225
-0.0205
0.0103
0.0254
-0.0784
-0.0704
-0.0728
-0.1205
-0.0716
0.0164
-0.0065
-0.0130
0.0631
0.0160
-0.0366
0.1202
-0.0301
0.0121
0.0043
-0.0048
-0.1024
-0.1988
-0.0740
-0.0655
0.1175
0.0483
0.0822
-0.2350
0.1883
-0.0973
0.0578
0.0270
-0.0113
0.0034
0.0955
-0.1051
0.0736
0.0092
0.0463
0.0284
-0.0803
-0.2115
-0.1990
0.1408
0.0317
0.1236
0.1229
-0.0422
0.0914
0.0390
0.1194
0.1193
-0.0207
0.1434
-0.0080
-0.0014
0.0157
-0.1139
0.0003
-0.0059
-0.0294
0.0356
0.1232
0.1271
0.0574
0.0301
0.0527
0.0269
-0.0269
0.0018
0.0845
-0.0521
-0.0239
0.0278
0.0281
-0.0615
-0.0726
0.0542
0.0677
-0.0236
-0.0397
0.1056
0.0735
0.0680
0.0016
-0.0026
0.0911
-0.0087
-0.0389
-0.0469
0.0318
-0.0666
-0.0404
-0.0411
0.0925
0.0072
0.0219
0.0226
0.0292
0.0203
0.0347
0.0571
-0.0142
-0.0841
0.0461
-0.1320
0.0351
-0.0151
-0.0168
0.0504
-0.0160
-0.0989
0.0615
0.0519
0.0325
-0.0125
0.0099
-0.1171
0.0022
-0.0720
0.0728
0.0274
-0.0002
0.0239
0.0099
0.0506
0.0407
0.0010
-0.0407
0.0369
0.0006
-0.0079
0.0075
-0.0012
0.0101
0.0020
0.0624
0.0112
0.0204
0.0170
-0.0570
0.0222
0.0547
0.0144
-0.0562
-0.0274
0.0365
-0.0393
-0.0429
0.0501
0.0143
-0.0016
-0.0223
0.0412
-0.0187
-0.0505
0.0192
-0.0645
-0.0344
0.0128
-0.0304
-0.0343
-0.0032
0.0140
-0.0180
-0.0749
0.0768
0.0175
-0.1855
-0.0857
-0.0874
0.0158
0.0804
-0.0680
-0.0079
0.0267
0.1111
-0.0276
0.0781
-0.0266
0.0511
-0.0727
-0.1239
0.0161
-0.0862
0.1288
-0.0404
-0.0283
0.0812
-0.0048
0.0258
0.0475
-0.0147
0.0991
0.0560
0.0121
-0.0603
0.0400
0.0678
-0.0418
0.0390
-0.0310
-0.0316
0.0053
-0.0279
-0.0010
0.0290
-0.0390
-0.0492
-0.0627
-0.0184
-0.0219
0.0381
-0.0143
0.0582
-0.0632
0.0828
-0.0542
0.0527
-0.0008
-0.0169
0.0948
0.0095
0.0037
-0.0209
0.0489
0.0112
-0.0044
-0.0211
0.0006
-0.0214
0.0276
-0.0011
-0.0188
-0.0058
-0.0357
-0.0424
0.0562
0.0196
0.0182
0.0587
0.0032
0.0181
0.0153
0.0141
0.0334
0.0121
-0.0293
0.0548
0.0355
0.0057
0.0384
-0.0031
-0.0374
-0.0157
0.0164
-0.0048
-0.0956
0.1446
-0.0241
0.0080
0.0603
0.0043
0.0040
-0.0637
-0.0215
0.0218
0.0202
-0.0091
0.0564
0.0904
0.0170
-0.0338
0.0185
-0.0031
0.0018
-0.0190
0.0137
0.0461
0.0429
0.0214
0.0181
-0.0134
0.0112
0.0687
0.0258
0.0160
0.0141
-0.0468
0.0271
-0.0651
0.0127
0.0445
0.0293
0.0094
0.0507
-0.0101
-0.0212
-0.0129
-0.0044
0.0075
-0.0735
0.0301
0.0001
-0.0534
-0.0092
-0.0051
0.0234
-0.0210
-0.0111
0.0727
-0.0466
-0.0449
0.0091
0.0097
0.0525
0.0140
-0.0218
-0.0395
-0.0324
0.0025
-0.0701
-0.0065
0.0086
0.0030
-0.0742
-0.0111
0.0379
0.0335
0.0363
0.0004
0.0227
-0.0395
-0.0483
-0.0169
-0.0665
0.0732
0.0042
0.0175
-0.0007
0.0651
0.0460
0.0119
-0.0443
0.0217
0.0344
-0.0085
0.0062
0.0283
0.0730
0.0309
0.0385
-0.0056
0.0864
0.0255
0.0044
0.0447
0.0264
-0.0370
0.0355
0.0351
-0.0150
-0.0301
-0.0267
-0.0283
0.0135
0.0309
0.0002
-0.0334
0.0512
-0.0087
0.0734
0.0253
-0.0192
0.0724
0.0062
-0.0397
0.0515
-0.0370
-0.0515
-0.0219
-0.0155
-0.0190
-0.0009
-0.0664
0.0298
-0.0186
-0.0221
-0.0190
0.0867
-0.0235
0.0177
0.0594
0.0192
-0.0190
-0.0091
0.0069
0.0175
-0.0098
-0.0984
-0.0129
-0.0589
0.0141
-0.0430
-0.1048
0.1144
-0.0024
0.0482
-0.0380
0.0097
-0.0178
0.0465
-0.0273
0.0659
-0.0047
-0.0192
-0.0186
-0.0266
0.0035
0.0574
0.0035
-0.0230
-0.1034
0.1051
-0.2288
-0.0727
0.1696
-0.0065
-0.0329
0.0358
0.0369
0.0106
0.0101
0.0016
0.0340
-0.0662
0.0383
-0.0143
0.0495
-0.0061
0.0406
0.0661
-0.0206
0.0442
-0.0034
0.0161
-0.0070
0.0509
0.0237
-0.0118
-0.0014
0.0418
0.0128
-0.0039
0.0230
-0.0180
-0.0086
0.0429
-0.0268
0.0031
0.0078
0.0126
-0.0032
-0.0350
0.0077
0.0386
0.0070
-0.0011
0.0064
0.0152
-0.0214
-0.0483
-0.0036
-0.0029
0.0075
0.0159
-0.0480
-0.0089
-0.0006
0.0084
0.0222
-0.0217
-0.0166
0.0129
-0.0175
-0.0066
0.0080
0.0406
0.0229
-0.0169
0.0153
0.0148
0.0114
-0.0346
0.0104
-0.0363