0.0017
0.0015
0.0113
0.0091
-0.0071
0.0022
0.0114
0.0132
-0.0212
0.0132
0.0071
0.0145
-0.0167
0.0256
-0.0228
-0.0435
0.0154
-0.0042
-0.0234
-0.0027
0.0095
0.0202
0.0065
-0.0250
0.0122
0.0392
0.0026
-0.0086
0.0034
0.0060
0.0192
-0.0203
0.0116
-0.0064
0.0158
0.0155
0.0252
0.0045
0.0003
0.0035
0.0062
-0.0074
-0.0114
-0.0047
0.0164
0.0276
-0.0096
0.0027
-0.0002
0.0242
0.0074
-0.0057
0.0139
0.0007
-0.0027
0.0027
-0.0539
0.0213
-0.0253
0.0466
-0.0055
0.0115
0.0088
0.0075
-0.0135
0.0287
-0.0067
0.0098
-0.0014
0.0167
-0.0307
0.0396
-0.0207
0.0040
0.0099
0.0044
-0.0103
-0.0566
0.0008
-0.0320
-0.0041
0.0292
0.0208
-0.0224
-0.0030
0.0135
0.0003
0.0303
0.0153
-0.0279
0.0135
-0.0093
-0.0433
-0.0230
-0.0151
0.0366
0.0030
-0.0128
-0.0054
-0.0106
-0.0353
-0.0349
-0.0340
0.0067
0.0146
-0.0277
-0.0015
0.0122
-0.0127
-0.0277
-0.0197
-0.0368
0.0200
0.0449
-0.0258
0.0466
0.0035
0.0303
-0.0140
0.0113
-0.0335
0.0082
-0.0384
-0.0053
-0.0318
-0.0172
-0.0298
-0.0364
0.0363
0.0017
0.0030
0.0320
-0.0107
-0.0020
0.0108
-0.0666
0.0459
-0.0070
-0.0554
-0.0044
-0.2169
0.0361
-0.0802
0.1518
-0.0285
-0.0862
-0.0952
0.1582
-0.1013
0.0291
-0.0379
-0.0350
0.0739
0.0628
-0.0744
-0.0725
0.0835
0.0585
-0.0466
-0.0568
-0.0217
-0.0747
0.0304
0.0073
0.0299
0.0686
-0.0002
0.0578
-0.0062
0.0373
0.0471
-0.0262
0.0196
0.0153
0.0117
0.0308
-0.0219
-0.0236
-0.0054
-0.0300
0.0592
0.0456
0.0216
0.0363
-0.0127
0.0230
-0.0010
0.0004
0.0321
-0.0028
-0.0385
-0.0164
0.0309
0.0242
-0.0023
-0.0154
0.0193
0.0332
-0.0162
-0.0132
0.0240
-0.0131
0.0031
0.0215
0.0191
0.0186
0.0017
-0.0191
-0.0104
-0.0310
0.0190
0.0357
-0.0225
0.0419
0.0025
0.0111
0.0151
0.0235
0.0181
-0.0045
0.0093
-0.0258
-0.0728
0.0423
-0.0587
0.0456
0.0199
0.0024
0.0139
-0.0192
-0.0507
0.0530
-0.0055
0.0471
-0.0075
0.0156
0.0009
-0.0116
-0.0033
0.0304
0.0226
-0.0056
-0.0046
-0.0195
0.0059
0.0078
-0.0091
0.0115
0.0388
0.0067
-0.0192
0.0014
0.0120
0.0308
-0.0052
0.0233
-0.0223
0.0409
-0.0045
-0.0269
-0.0156