-0.0025
0.0074
0.0149
0.0075
-0.0121
0.0046
-0.0032
0.0109
-0.0102
-0.0010
-0.0029
-0.0025
-0.0220
0.0018
-0.0366
-0.0063
0.0091
-0.0086
-0.0077
-0.0001
0.0062
0.0012
-0.0078
-0.0098
-0.0034
0.0254
-0.0088
-0.0010
0.0246
-0.0008
0.0100
0.0013
0.0175
-0.0161
0.0277
0.0170
0.0210
-0.0066
-0.0017
-0.0063
0.0011
0.0176
-0.0169
-0.0210
0.0114
0.0287
-0.0169
0.0032
0.0096
0.0228
-0.0010
-0.0010
0.0146
-0.0076
0.0026
-0.0044
-0.0440
0.0158
-0.0252
0.0362
-0.0107
0.0071
0.0007
0.0138
0.0018
0.0123
0.0058
0.0110
-0.0002
0.0191
-0.0145
0.0166
-0.0228
-0.0049
0.0104
0.0034
-0.0155
-0.0366
-0.0245
0.0197
0.0056
0.0173
-0.0022
-0.0216
0.0125
0.0108
-0.0060
0.0269
0.0038
-0.0428
0.0133
-0.0209
-0.0496
0.0056
-0.0246
0.0385
0.0192
-0.0099
0.0154
-0.0257
-0.0494
-0.0111
-0.0417
0.0024
0.0397
-0.0209
0.0008
-0.0063
-0.0387
-0.0391
-0.0206
0.0398
-0.0287
0.0442
-0.0297
0.0469
0.0105
0.0281
-0.0163
0.0192
-0.0463
0.0358
-0.0361
0.0243
-0.0456
-0.0368
-0.0132
-0.0285
0.0194
0.0090
0.0112
0.0594
0.0268
-0.0129
0.0013
-0.0018
0.0117
-0.0093
-0.0512
-0.0441
-0.1631
0.0508
-0.0189
0.1129
-0.0478
-0.0562
-0.0756
0.1093
-0.0214
-0.0460
-0.0280
-0.0249
0.0776
-0.0104
-0.0233
0.0122
-0.0078
0.0498
-0.0492
-0.0459
-0.0474
-0.0661
0.0855
-0.0349
0.0821
0.0263
0.0329
0.0279
-0.0190
0.0146
0.0377
-0.0579
-0.0212
0.0253
0.0339
0.0073
-0.0224
-0.0117
-0.0176
-0.0160
0.0572
0.0373
0.0093
0.0238
-0.0086
0.0162
-0.0026
-0.0013
0.0012
0.0169
-0.0201
-0.0116
0.0357
0.0070
-0.0163
-0.0257
0.0254
0.0218
0.0005
-0.0093
0.0210
0.0195
0.0235
0.0171
-0.0095
0.0296
-0.0116
-0.0193
-0.0001
0.0089
0.0164
0.0392
-0.0133
0.0352
0.0002
0.0239
0.0160
0.0003
0.0222
-0.0062
0.0337
-0.0212
-0.0192
0.0433
-0.0538
0.0231
0.0010
0.0216
0.0002
-0.0278
-0.0744
0.0518
-0.0361
0.0481
-0.0172
-0.0018
0.0018
0.0011
-0.0081
0.0266
0.0149
-0.0087
-0.0121
-0.0194
0.0025
0.0045
0.0120
0.0046
0.0261
0.0029
0.0047
0.0273
0.0167
0.0245
0.0085
0.0129
-0.0205
0.0445
-0.0109
-0.0260
-0.0059